32 831 111
117 95 110111
113 6 1101101111
66 6 1101101110
87 6 1101101101
33 3 11011011001
80 3 11011011000
118 23 11011010
98 43 1101100
100 180 11010
114 174 11001
119 87 110001
109 87 110000
105 171 10111
10 84 101101
13 84 101100
108 156 10101
112 23 10100111
71 10 101001101
122 5 1010011001
106 3 10100110001
96 2 10100110000
84 20 10100101
65 18 10100100
99 75 101000
116 295 1001
103 73 100011
107 35 1000101
45 9 100010011
72 5 1000100101
120 1 100010010011
82 1 100010010010
89 2 10001001000
79 2 10001000111
68 2 10001000110
58 4 1000100010
77 8 100010000
44 65 100001
121 64 100000
97 264 0111
111 242 0110
46 31 0101111
39 30 0101110
102 56 010110
73 56 010101
76 8 010100111
78 4 0101001101
67 3 0101001100
83 14 01010010
59 27 0101000
104 220 0100
101 445 001
110 210 0001
115 191 0000
